test_acc: 0.9919298887252808
test_precision: 0.9919400215148926
test_recall: 0.9919298887252808
test_f1: 0.9919283390045166
test_specificity: 0.9919283390045166
