test_acc: 0.9938944578170776
test_precision: 0.9939063787460327
test_recall: 0.9938944578170776
test_f1: 0.9938943386077881
test_specificity: 0.9938943386077881
