test_acc: 0.989148736000061
test_precision: 0.989159345626831
test_recall: 0.989148736000061
test_f1: 0.9891496300697327
test_specificity: 0.9891496300697327
