test_acc: 0.9904515743255615
test_precision: 0.9904584884643555
test_recall: 0.9904515743255615
test_f1: 0.9904534816741943
