test_acc: 0.9936193227767944
test_precision: 0.9936208724975586
test_recall: 0.9936193227767944
test_f1: 0.9936195611953735
test_specificity: 0.9936195611953735
