test_acc: 0.9906754493713379
test_precision: 0.990675687789917
test_recall: 0.9906754493713379
test_f1: 0.9906754493713379
test_specificity: 0.9906754493713379
