test_acc: 0.9914630055427551
test_precision: 0.9914733171463013
test_recall: 0.9914630055427551
test_f1: 0.9914672374725342
test_specificity: 0.9914672374725342
