test_acc: 0.9904583692550659
test_precision: 0.9904589653015137
test_recall: 0.9904583692550659
test_f1: 0.9904576539993286
test_specificity: 0.9904576539993286
