test_acc: 0.9915927648544312
test_precision: 0.9915974140167236
test_recall: 0.9915927648544312
test_f1: 0.9915918111801147
test_specificity: 0.9915918111801147
