test_acc: 0.9914290904998779
test_precision: 0.9915052652359009
test_recall: 0.9914290904998779
test_f1: 0.9914292097091675
test_specificity: 0.9914292097091675
