test_acc: 0.9895808696746826
test_precision: 0.989582896232605
test_recall: 0.9895808696746826
test_f1: 0.9895780682563782
test_specificity: 0.9895780682563782
