test_acc: 0.9895881414413452
test_precision: 0.9896050691604614
test_recall: 0.9895881414413452
test_f1: 0.9895874261856079
test_specificity: 0.9895874261856079
