test_acc: 0.9904165267944336
test_precision: 0.990418553352356
test_recall: 0.9904165267944336
test_f1: 0.99041748046875
