test_acc: 0.9900555610656738
test_precision: 0.9900600910186768
test_recall: 0.9900555610656738
test_f1: 0.9900565147399902
