test_acc: 0.9907968044281006
test_precision: 0.9908206462860107
test_recall: 0.9907968044281006
test_f1: 0.9907978773117065
test_specificity: 0.9907978773117065
