test_acc: 0.9892600774765015
test_precision: 0.9893656969070435
test_recall: 0.9892600774765015
test_f1: 0.9892688989639282
test_specificity: 0.9892688989639282
