test_acc: 0.9930731654167175
test_precision: 0.9930810332298279
test_recall: 0.9930731654167175
test_f1: 0.9930751323699951
test_specificity: 0.9930751323699951
