test_acc: 0.9936339855194092
test_precision: 0.9936566352844238
test_recall: 0.9936339855194092
test_f1: 0.993635892868042
test_specificity: 0.993635892868042
