test_acc: 0.9915484189987183
test_precision: 0.9915505647659302
test_recall: 0.9915484189987183
test_f1: 0.9915492534637451
test_specificity: 0.9915492534637451
