test_acc: 0.9909133911132812
test_precision: 0.9909307360649109
test_recall: 0.9909133911132812
test_f1: 0.990915060043335
test_specificity: 0.990915060043335
